$ANSIBLE_VAULT;1.1;AES256
37316562353731343932336162643132656164643233656434326432613061316634303865383365
3331613864323237356634633135396435666135336266610a616335323733623430663635623163
63363662303138376166306331323464656565393432316133623066613037363234376166396339
3235613165393431350a316436376131386136356261376566323634396265366363666131353766
36643839316239626364393332306438393630643661613961346664393033666363333133616564
64633832666530376237386134623832356634383666363265623538626232623766626138346332
37303766333763663333623662363634656433333361643161383433313835643639303733363933
39636164646637353431383030653064326163616637353365366464623866623933333136343232
66386562616138633138656239316339346537623339353566363431636539633031306262613731
62373330643233656338323265383738353130616138613362626539353830633361343536323130
62626331323539363865333034323637303036343838326465653466626531363033356265636465
66323566663837653034
